             precision    recall  f1-score   support

        0.0       0.99      0.86      0.92      6753
        1.0       0.17      0.76      0.28       261

avg / total       0.96      0.85      0.89      7014

10	1.0	1.0	1.0
20	1.0	1.0	1.0
30	1.0	1.0	1.0
40	1.0	1.0	1.0
50	1.0	1.0	1.0
60	1.0	1.0	1.0
70	1.0	1.0	1.0
80	1.0	1.0	1.0
90	1.0	1.0	1.0
100	1.0	1.0	1.0
200	0.73	0.724	0.79
300	0.52	0.571	0.676
500	0.322	0.571	0.689
1000	0.192	0.571	0.766
             precision    recall  f1-score   support

        0.0       0.78      0.82      0.80       261
        1.0       0.81      0.76      0.79       261

avg / total       0.79      0.79      0.79       522

10	1.0	1.0	1.0
20	1.0	1.0	1.0
30	1.0	1.0	1.0
40	1.0	1.0	1.0
50	1.0	1.0	1.0
60	1.0	1.0	1.0
70	1.0	1.0	1.0
80	1.0	1.0	1.0
90	1.0	1.0	1.0
100	1.0	1.0	1.0
200	0.87	0.858	0.899
300	0.727	0.76	0.866
500	0.518	0.76	0.978
1000	0.261	0.76	0.984
