             precision    recall  f1-score   support

        0.0       0.98      0.97      0.98      6753
        1.0       0.42      0.59      0.49       261

avg / total       0.96      0.95      0.96      7014

10	1.0	1.0	1.0
20	1.0	1.0	1.0
30	1.0	1.0	1.0
40	1.0	1.0	1.0
50	1.0	1.0	1.0
60	1.0	1.0	1.0
70	1.0	1.0	1.0
80	1.0	1.0	1.0
90	1.0	1.0	1.0
100	1.0	1.0	1.0
200	0.695	0.695	0.763
300	0.5	0.543	0.656
500	0.322	0.543	0.687
1000	0.178	0.543	0.729
             precision    recall  f1-score   support

        0.0       0.71      0.97      0.82       261
        1.0       0.96      0.59      0.73       261

avg / total       0.83      0.78      0.78       522

10	1.0	1.0	1.0
20	1.0	1.0	1.0
30	1.0	1.0	1.0
40	1.0	1.0	1.0
50	1.0	1.0	1.0
60	1.0	1.0	1.0
70	1.0	1.0	1.0
80	1.0	1.0	1.0
90	1.0	1.0	1.0
100	1.0	1.0	1.0
200	0.875	0.865	0.903
300	0.713	0.745	0.854
500	0.516	0.745	0.974
1000	0.261	0.745	0.982
