             precision    recall  f1-score   support

        0.0       0.99      0.87      0.92      6753
        1.0       0.19      0.79      0.30       261

avg / total       0.96      0.86      0.90      7014

10	1.0	1.0	1.0
20	0.95	0.945	0.967
30	0.967	0.95	0.974
40	0.975	0.955	0.979
50	0.96	0.937	0.967
60	0.95	0.925	0.96
70	0.943	0.915	0.954
80	0.925	0.894	0.94
90	0.9	0.865	0.921
100	0.88	0.841	0.905
200	0.675	0.611	0.734
300	0.517	0.499	0.659
500	0.354	0.499	0.72
1000	0.206	0.499	0.791
             precision    recall  f1-score   support

        0.0       0.81      0.87      0.84       261
        1.0       0.86      0.79      0.82       261

avg / total       0.83      0.83      0.83       522

10	1.0	1.0	1.0
20	1.0	1.0	1.0
30	1.0	1.0	1.0
40	1.0	1.0	1.0
50	1.0	1.0	1.0
60	1.0	1.0	1.0
70	1.0	1.0	1.0
80	1.0	1.0	1.0
90	0.989	0.989	0.992
100	0.99	0.989	0.993
200	0.92	0.909	0.938
300	0.76	0.794	0.897
500	0.518	0.794	0.982
1000	0.261	0.794	0.987
