             precision    recall  f1-score   support

        0.0       0.99      0.84      0.91      6753
        1.0       0.16      0.77      0.27       261

avg / total       0.96      0.84      0.89      7014

10	1.0	1.0	1.0
20	1.0	1.0	1.0
30	1.0	1.0	1.0
40	1.0	1.0	1.0
50	1.0	1.0	1.0
60	1.0	1.0	1.0
70	1.0	1.0	1.0
80	1.0	1.0	1.0
90	1.0	1.0	1.0
100	1.0	1.0	1.0
200	0.73	0.725	0.791
300	0.51	0.569	0.667
500	0.328	0.569	0.697
1000	0.191	0.569	0.764
             precision    recall  f1-score   support

        0.0       0.78      0.82      0.80       261
        1.0       0.81      0.77      0.79       261

avg / total       0.80      0.80      0.80       522

10	1.0	1.0	1.0
20	1.0	1.0	1.0
30	1.0	1.0	1.0
40	1.0	1.0	1.0
50	1.0	1.0	1.0
60	1.0	1.0	1.0
70	1.0	1.0	1.0
80	1.0	1.0	1.0
90	1.0	1.0	1.0
100	1.0	1.0	1.0
200	0.88	0.869	0.907
300	0.733	0.763	0.872
500	0.518	0.763	0.979
1000	0.261	0.763	0.985
