             precision    recall  f1-score   support

        0.0       0.99      0.87      0.92      6753
        1.0       0.19      0.79      0.30       261

avg / total       0.96      0.86      0.90      7014

10	1.0	1.0	1.0
20	1.0	1.0	1.0
30	1.0	1.0	1.0
40	0.975	0.972	0.983
50	0.98	0.974	0.985
60	0.983	0.975	0.987
70	0.957	0.946	0.968
80	0.938	0.922	0.953
90	0.933	0.913	0.949
100	0.91	0.887	0.931
200	0.68	0.628	0.741
300	0.523	0.515	0.668
500	0.354	0.515	0.723
1000	0.202	0.515	0.785
             precision    recall  f1-score   support

        0.0       0.81      0.87      0.84       261
        1.0       0.86      0.79      0.82       261

avg / total       0.83      0.83      0.83       522

10	1.0	1.0	1.0
20	1.0	1.0	1.0
30	1.0	1.0	1.0
40	1.0	1.0	1.0
50	1.0	1.0	1.0
60	1.0	1.0	1.0
70	1.0	1.0	1.0
80	1.0	1.0	1.0
90	1.0	1.0	1.0
100	1.0	1.0	1.0
200	0.92	0.909	0.938
300	0.757	0.805	0.894
500	0.518	0.805	0.982
1000	0.261	0.805	0.988
