             precision    recall  f1-score   support

        0.0       0.99      0.87      0.93      6753
        1.0       0.19      0.78      0.30       261

avg / total       0.96      0.87      0.90      7014

10	1.0	1.0	1.0
20	0.95	0.929	0.963
30	0.967	0.94	0.971
40	0.95	0.921	0.959
50	0.96	0.928	0.965
60	0.95	0.917	0.957
70	0.929	0.894	0.941
80	0.9	0.861	0.92
90	0.889	0.845	0.91
100	0.88	0.832	0.902
200	0.685	0.61	0.739
300	0.513	0.494	0.655
500	0.354	0.494	0.718
1000	0.201	0.494	0.777
             precision    recall  f1-score   support

        0.0       0.80      0.87      0.83       261
        1.0       0.86      0.78      0.82       261

avg / total       0.83      0.83      0.83       522

10	1.0	1.0	1.0
20	1.0	1.0	1.0
30	1.0	1.0	1.0
40	1.0	1.0	1.0
50	1.0	1.0	1.0
60	1.0	1.0	1.0
70	1.0	1.0	1.0
80	1.0	1.0	1.0
90	1.0	1.0	1.0
100	1.0	1.0	1.0
200	0.905	0.897	0.927
300	0.747	0.79	0.885
500	0.516	0.79	0.978
1000	0.261	0.79	0.985
