             precision    recall  f1-score   support

        0.0       0.99      0.87      0.93      6753
        1.0       0.19      0.79      0.31       261

avg / total       0.96      0.87      0.90      7014

10	1.0	1.0	1.0
20	1.0	1.0	1.0
30	0.967	0.959	0.976
40	0.95	0.937	0.964
50	0.96	0.941	0.969
60	0.95	0.928	0.961
70	0.943	0.918	0.955
80	0.938	0.91	0.95
90	0.9	0.871	0.922
100	0.89	0.855	0.913
200	0.67	0.605	0.73
300	0.513	0.497	0.656
500	0.35	0.497	0.714
1000	0.201	0.497	0.778
             precision    recall  f1-score   support

        0.0       0.81      0.85      0.83       261
        1.0       0.84      0.79      0.82       261

avg / total       0.82      0.82      0.82       522

10	1.0	1.0	1.0
20	1.0	1.0	1.0
30	1.0	1.0	1.0
40	1.0	1.0	1.0
50	1.0	1.0	1.0
60	1.0	1.0	1.0
70	1.0	1.0	1.0
80	1.0	1.0	1.0
90	1.0	1.0	1.0
100	1.0	1.0	1.0
200	0.905	0.895	0.927
300	0.747	0.786	0.885
500	0.518	0.786	0.981
1000	0.261	0.786	0.986
