             precision    recall  f1-score   support

        0.0       0.99      0.84      0.91      6753
        1.0       0.15      0.76      0.26       261

avg / total       0.96      0.84      0.88      7014

10	1.0	1.0	1.0
20	1.0	1.0	1.0
30	1.0	1.0	1.0
40	1.0	1.0	1.0
50	1.0	1.0	1.0
60	1.0	1.0	1.0
70	1.0	1.0	1.0
80	1.0	1.0	1.0
90	1.0	1.0	1.0
100	1.0	1.0	1.0
200	0.75	0.742	0.806
300	0.523	0.574	0.679
500	0.334	0.574	0.707
1000	0.182	0.574	0.743
             precision    recall  f1-score   support

        0.0       0.78      0.84      0.81       261
        1.0       0.82      0.76      0.79       261

avg / total       0.80      0.80      0.80       522

10	1.0	1.0	1.0
20	1.0	1.0	1.0
30	1.0	1.0	1.0
40	1.0	1.0	1.0
50	1.0	1.0	1.0
60	1.0	1.0	1.0
70	1.0	1.0	1.0
80	1.0	1.0	1.0
90	1.0	1.0	1.0
100	1.0	1.0	1.0
200	0.87	0.862	0.9
300	0.727	0.762	0.866
500	0.518	0.762	0.979
1000	0.261	0.762	0.984
