             precision    recall  f1-score   support

        0.0       0.99      0.86      0.92      6753
        1.0       0.17      0.75      0.28       261

avg / total       0.96      0.86      0.90      7014

10	1.0	1.0	1.0
20	1.0	1.0	1.0
30	1.0	1.0	1.0
40	1.0	1.0	1.0
50	1.0	1.0	1.0
60	1.0	1.0	1.0
70	1.0	1.0	1.0
80	1.0	1.0	1.0
90	1.0	1.0	1.0
100	1.0	1.0	1.0
200	0.71	0.704	0.775
300	0.513	0.555	0.669
500	0.342	0.555	0.715
1000	0.19	0.555	0.763
             precision    recall  f1-score   support

        0.0       0.77      0.84      0.80       261
        1.0       0.82      0.75      0.79       261

avg / total       0.80      0.80      0.79       522

10	1.0	1.0	1.0
20	1.0	1.0	1.0
30	1.0	1.0	1.0
40	1.0	1.0	1.0
50	1.0	1.0	1.0
60	1.0	1.0	1.0
70	1.0	1.0	1.0
80	1.0	1.0	1.0
90	1.0	1.0	1.0
100	1.0	1.0	1.0
200	0.895	0.886	0.919
300	0.727	0.773	0.867
500	0.512	0.773	0.971
1000	0.261	0.773	0.984
