             precision    recall  f1-score   support

        0.0       0.99      0.84      0.91      6753
        1.0       0.16      0.77      0.26       261

avg / total       0.96      0.84      0.89      7014

10	1.0	1.0	1.0
20	1.0	1.0	1.0
30	1.0	1.0	1.0
40	1.0	1.0	1.0
50	1.0	1.0	1.0
60	1.0	1.0	1.0
70	1.0	1.0	1.0
80	1.0	1.0	1.0
90	1.0	1.0	1.0
100	1.0	1.0	1.0
200	0.725	0.719	0.787
300	0.517	0.569	0.673
500	0.338	0.569	0.711
1000	0.188	0.569	0.758
             precision    recall  f1-score   support

        0.0       0.79      0.85      0.82       261
        1.0       0.84      0.77      0.80       261

avg / total       0.81      0.81      0.81       522

10	1.0	1.0	1.0
20	1.0	1.0	1.0
30	1.0	1.0	1.0
40	1.0	1.0	1.0
50	1.0	1.0	1.0
60	1.0	1.0	1.0
70	1.0	1.0	1.0
80	1.0	1.0	1.0
90	1.0	1.0	1.0
100	1.0	1.0	1.0
200	0.895	0.886	0.919
300	0.753	0.79	0.891
500	0.516	0.79	0.978
1000	0.261	0.79	0.986
