             precision    recall  f1-score   support

        0.0       0.99      0.73      0.84      3642
        1.0       0.09      0.71      0.15       132

avg / total       0.95      0.72      0.81      3774

10	0.5	0.035	0.633
20	0.35	0.041	0.477
30	0.333	0.049	0.437
40	0.325	0.057	0.412
50	0.28	0.059	0.368
60	0.233	0.059	0.325
70	0.214	0.061	0.302
80	0.2	0.062	0.284
90	0.211	0.067	0.285
100	0.21	0.07	0.279
200	0.175	0.078	0.305
300	0.153	0.078	0.36
500	0.13	0.078	0.445
1000	0.092	0.078	0.555
             precision    recall  f1-score   support

        0.0       0.71      0.70      0.71       132
        1.0       0.71      0.71      0.71       132

avg / total       0.71      0.71      0.71       264

10	0.9	0.065	0.922
20	0.8	0.108	0.841
30	0.8	0.158	0.833
40	0.75	0.194	0.793
50	0.8	0.253	0.822
60	0.783	0.296	0.808
70	0.8	0.35	0.817
80	0.787	0.392	0.807
90	0.756	0.422	0.782
100	0.76	0.467	0.783
200	0.615	0.562	0.897
300	0.44	0.562	0.942
500	0.264	0.562	0.942
1000	0.132	0.562	0.942
