             precision    recall  f1-score   support

        0.0       0.99      0.76      0.86      3642
        1.0       0.10      0.71      0.17       132

avg / total       0.96      0.76      0.83      3774

10	0.3	0.006	0.221
20	0.25	0.01	0.21
30	0.2	0.012	0.183
40	0.2	0.015	0.187
50	0.2	0.018	0.189
60	0.217	0.023	0.202
70	0.257	0.032	0.232
80	0.263	0.038	0.238
90	0.244	0.04	0.227
100	0.23	0.042	0.218
200	0.195	0.05	0.265
300	0.163	0.05	0.314
500	0.124	0.05	0.373
1000	0.096	0.05	0.513
             precision    recall  f1-score   support

        0.0       0.72      0.75      0.74       132
        1.0       0.74      0.71      0.73       132

avg / total       0.73      0.73      0.73       264

10	0.9	0.054	0.78
20	0.95	0.124	0.858
30	0.9	0.179	0.843
40	0.9	0.24	0.853
50	0.88	0.295	0.846
60	0.817	0.328	0.806
70	0.757	0.351	0.764
80	0.762	0.398	0.768
90	0.778	0.45	0.778
100	0.77	0.491	0.772
200	0.6	0.61	0.868
300	0.44	0.61	0.928
500	0.264	0.61	0.928
1000	0.132	0.61	0.928
