             precision    recall  f1-score   support

        0.0       0.99      0.84      0.91      3642
        1.0       0.15      0.80      0.25       132

avg / total       0.96      0.83      0.88      3774

10	0.8	0.056	0.848
20	0.8	0.103	0.828
30	0.833	0.158	0.843
40	0.8	0.201	0.818
50	0.76	0.236	0.787
60	0.733	0.27	0.765
70	0.714	0.303	0.748
80	0.688	0.33	0.726
90	0.689	0.366	0.724
100	0.64	0.376	0.686
200	0.415	0.432	0.667
300	0.317	0.432	0.727
500	0.202	0.432	0.754
1000	0.111	0.432	0.795
             precision    recall  f1-score   support

        0.0       0.81      0.82      0.81       132
        1.0       0.82      0.80      0.81       132

avg / total       0.81      0.81      0.81       264

10	1.0	0.076	1.0
20	1.0	0.152	1.0
30	1.0	0.227	1.0
40	1.0	0.303	1.0
50	0.98	0.37	0.986
60	0.983	0.445	0.988
70	0.957	0.503	0.969
80	0.963	0.576	0.971
90	0.911	0.612	0.934
100	0.91	0.674	0.931
200	0.625	0.773	0.949
300	0.44	0.773	0.983
500	0.264	0.773	0.983
1000	0.132	0.773	0.983
