             precision    recall  f1-score   support

        0.0       0.99      0.81      0.89      3642
        1.0       0.13      0.80      0.23       132

avg / total       0.96      0.81      0.87      3774

10	1.0	0.076	1.0
20	1.0	0.152	1.0
30	1.0	0.227	1.0
40	1.0	0.303	1.0
50	0.94	0.355	0.958
60	0.9	0.404	0.928
70	0.843	0.437	0.885
80	0.762	0.449	0.823
90	0.689	0.455	0.765
100	0.64	0.465	0.725
200	0.39	0.493	0.67
300	0.277	0.493	0.694
500	0.198	0.493	0.767
1000	0.111	0.493	0.817
             precision    recall  f1-score   support

        0.0       0.80      0.77      0.78       132
        1.0       0.78      0.80      0.79       132

avg / total       0.79      0.79      0.79       264

10	1.0	0.076	1.0
20	1.0	0.152	1.0
30	1.0	0.227	1.0
40	1.0	0.303	1.0
50	1.0	0.379	1.0
60	1.0	0.455	1.0
70	0.957	0.506	0.969
80	0.938	0.563	0.954
90	0.889	0.597	0.918
100	0.86	0.637	0.895
200	0.615	0.76	0.937
300	0.44	0.76	0.982
500	0.264	0.76	0.982
1000	0.132	0.76	0.982
