             precision    recall  f1-score   support

        0.0       0.99      0.86      0.92      3642
        1.0       0.18      0.85      0.30       132

avg / total       0.97      0.86      0.90      3774

10	1.0	0.076	1.0
20	0.95	0.144	0.967
30	0.967	0.216	0.975
40	0.975	0.29	0.979
50	0.88	0.325	0.912
60	0.85	0.371	0.887
70	0.829	0.415	0.868
80	0.775	0.439	0.826
90	0.744	0.468	0.8
100	0.7	0.485	0.764
200	0.445	0.519	0.729
300	0.33	0.519	0.778
500	0.218	0.519	0.823
1000	0.116	0.519	0.852
             precision    recall  f1-score   support

        0.0       0.85      0.85      0.85       132
        1.0       0.85      0.85      0.85       132

avg / total       0.85      0.85      0.85       264

10	1.0	0.076	1.0
20	1.0	0.152	1.0
30	1.0	0.227	1.0
40	1.0	0.303	1.0
50	1.0	0.379	1.0
60	1.0	0.455	1.0
70	0.986	0.523	0.99
80	0.963	0.582	0.973
90	0.922	0.625	0.943
100	0.92	0.688	0.94
200	0.635	0.822	0.962
300	0.44	0.822	0.987
500	0.264	0.822	0.987
1000	0.132	0.822	0.987
