             precision    recall  f1-score   support

        0.0       0.99      0.84      0.91      6753
        1.0       0.16      0.78      0.26       261

avg / total       0.96      0.84      0.88      7014

10	1.0	0.038	1.0
20	1.0	0.077	1.0
30	1.0	0.115	1.0
40	1.0	0.153	1.0
50	1.0	0.192	1.0
60	1.0	0.23	1.0
70	1.0	0.268	1.0
80	1.0	0.307	1.0
90	1.0	0.345	1.0
100	1.0	0.383	1.0
200	0.71	0.54	0.775
300	0.523	0.567	0.678
500	0.336	0.567	0.708
1000	0.194	0.567	0.772
             precision    recall  f1-score   support

        0.0       0.79      0.83      0.81       261
        1.0       0.82      0.78      0.80       261

avg / total       0.81      0.80      0.80       522

10	1.0	0.038	1.0
20	1.0	0.077	1.0
30	1.0	0.115	1.0
40	1.0	0.153	1.0
50	1.0	0.192	1.0
60	1.0	0.23	1.0
70	1.0	0.268	1.0
80	1.0	0.307	1.0
90	1.0	0.345	1.0
100	1.0	0.383	1.0
200	0.89	0.674	0.915
300	0.747	0.769	0.884
500	0.518	0.769	0.98
1000	0.261	0.769	0.985
