             precision    recall  f1-score   support

        0.0       0.98      0.96      0.97      6753
        1.0       0.38      0.61      0.47       261

avg / total       0.96      0.95      0.95      7014

10	1.0	0.038	1.0
20	1.0	0.077	1.0
30	1.0	0.115	1.0
40	1.0	0.153	1.0
50	1.0	0.192	1.0
60	1.0	0.23	1.0
70	1.0	0.268	1.0
80	1.0	0.307	1.0
90	1.0	0.345	1.0
100	1.0	0.383	1.0
200	0.695	0.533	0.763
300	0.503	0.541	0.659
500	0.32	0.541	0.684
1000	0.181	0.541	0.736
             precision    recall  f1-score   support

        0.0       0.71      0.97      0.82       261
        1.0       0.96      0.61      0.74       261

avg / total       0.84      0.79      0.78       522

10	1.0	0.038	1.0
20	1.0	0.077	1.0
30	1.0	0.115	1.0
40	1.0	0.153	1.0
50	1.0	0.192	1.0
60	1.0	0.23	1.0
70	1.0	0.268	1.0
80	1.0	0.307	1.0
90	1.0	0.345	1.0
100	1.0	0.383	1.0
200	0.87	0.659	0.9
300	0.693	0.744	0.837
500	0.514	0.744	0.971
1000	0.261	0.744	0.981
