             precision    recall  f1-score   support

        0.0       0.99      0.76      0.86      3642
        1.0       0.10      0.76      0.18       132

avg / total       0.96      0.76      0.84      3774

10	0.3	0.019	0.437
20	0.25	0.023	0.348
30	0.267	0.028	0.336
40	0.325	0.04	0.364
50	0.32	0.048	0.355
60	0.283	0.05	0.325
70	0.257	0.052	0.302
80	0.275	0.06	0.311
90	0.256	0.062	0.294
100	0.27	0.07	0.302
200	0.21	0.085	0.329
300	0.183	0.085	0.394
500	0.154	0.085	0.494
1000	0.1	0.085	0.59
             precision    recall  f1-score   support

        0.0       0.76      0.75      0.75       132
        1.0       0.75      0.76      0.75       132

avg / total       0.75      0.75      0.75       264

10	0.9	0.06	0.89
20	0.9	0.12	0.892
30	0.9	0.182	0.894
40	0.875	0.236	0.877
50	0.88	0.296	0.881
60	0.883	0.357	0.883
70	0.871	0.41	0.875
80	0.863	0.463	0.868
90	0.856	0.515	0.863
100	0.85	0.566	0.858
200	0.615	0.651	0.91
300	0.44	0.651	0.955
500	0.264	0.651	0.955
1000	0.132	0.651	0.955
