             precision    recall  f1-score   support

        0.0       0.99      0.85      0.92      3642
        1.0       0.17      0.85      0.28       132

avg / total       0.96      0.85      0.89      3774

10	1.0	0.076	1.0
20	1.0	0.152	1.0
30	1.0	0.227	1.0
40	1.0	0.303	1.0
50	1.0	0.379	1.0
60	1.0	0.455	1.0
70	1.0	0.53	1.0
80	0.988	0.598	0.991
90	0.878	0.598	0.912
100	0.8	0.605	0.853
200	0.465	0.638	0.769
300	0.327	0.638	0.794
500	0.216	0.638	0.839
1000	0.115	0.638	0.868
             precision    recall  f1-score   support

        0.0       0.84      0.81      0.83       132
        1.0       0.82      0.85      0.83       132

avg / total       0.83      0.83      0.83       264

10	1.0	0.076	1.0
20	1.0	0.152	1.0
30	1.0	0.227	1.0
40	1.0	0.303	1.0
50	1.0	0.379	1.0
60	1.0	0.455	1.0
70	1.0	0.53	1.0
80	1.0	0.606	1.0
90	1.0	0.682	1.0
100	0.94	0.711	0.957
200	0.615	0.819	0.943
300	0.44	0.819	0.988
500	0.264	0.819	0.988
1000	0.132	0.819	0.988
