             precision    recall  f1-score   support

        0.0       0.99      0.85      0.91      6753
        1.0       0.16      0.76      0.26       261

avg / total       0.96      0.84      0.89      7014

10	1.0	0.038	1.0
20	1.0	0.077	1.0
30	1.0	0.115	1.0
40	1.0	0.153	1.0
50	1.0	0.192	1.0
60	1.0	0.23	1.0
70	1.0	0.268	1.0
80	1.0	0.307	1.0
90	1.0	0.345	1.0
100	1.0	0.383	1.0
200	0.72	0.548	0.783
300	0.51	0.555	0.666
500	0.332	0.555	0.702
1000	0.189	0.555	0.759
             precision    recall  f1-score   support

        0.0       0.78      0.84      0.81       261
        1.0       0.83      0.76      0.79       261

avg / total       0.80      0.80      0.80       522

10	1.0	0.038	1.0
20	1.0	0.077	1.0
30	1.0	0.115	1.0
40	1.0	0.153	1.0
50	1.0	0.192	1.0
60	1.0	0.23	1.0
70	1.0	0.268	1.0
80	1.0	0.307	1.0
90	1.0	0.345	1.0
100	1.0	0.383	1.0
200	0.9	0.681	0.923
300	0.737	0.772	0.876
500	0.518	0.772	0.98
1000	0.261	0.772	0.985
