             precision    recall  f1-score   support

        0.0       0.98      0.97      0.98      6753
        1.0       0.46      0.58      0.51       261

avg / total       0.96      0.96      0.96      7014

10	1.0	1.0	1.0
20	1.0	1.0	1.0
30	1.0	1.0	1.0
40	1.0	1.0	1.0
50	1.0	1.0	1.0
60	1.0	1.0	1.0
70	1.0	1.0	1.0
80	1.0	1.0	1.0
90	1.0	1.0	1.0
100	1.0	1.0	1.0
200	0.695	0.695	0.763
300	0.503	0.541	0.659
500	0.322	0.541	0.686
1000	0.181	0.541	0.736
             precision    recall  f1-score   support

        0.0       0.70      0.98      0.81       261
        1.0       0.96      0.58      0.72       261

avg / total       0.83      0.78      0.77       522

10	1.0	1.0	1.0
20	1.0	1.0	1.0
30	1.0	1.0	1.0
40	1.0	1.0	1.0
50	1.0	1.0	1.0
60	1.0	1.0	1.0
70	1.0	1.0	1.0
80	1.0	1.0	1.0
90	1.0	1.0	1.0
100	1.0	1.0	1.0
200	0.87	0.86	0.9
300	0.7	0.734	0.842
500	0.516	0.734	0.974
1000	0.261	0.734	0.982
