             precision    recall  f1-score   support

        0.0       0.99      0.85      0.92      3642
        1.0       0.17      0.84      0.28       132

avg / total       0.96      0.85      0.89      3774

10	1.0	0.076	1.0
20	1.0	0.152	1.0
30	1.0	0.227	1.0
40	1.0	0.303	1.0
50	1.0	0.379	1.0
60	1.0	0.455	1.0
70	1.0	0.53	1.0
80	0.988	0.598	0.991
90	0.889	0.605	0.92
100	0.8	0.605	0.853
200	0.475	0.627	0.779
300	0.327	0.627	0.794
500	0.216	0.627	0.839
1000	0.116	0.627	0.872
             precision    recall  f1-score   support

        0.0       0.84      0.83      0.84       132
        1.0       0.83      0.84      0.84       132

avg / total       0.84      0.84      0.84       264

10	1.0	0.076	1.0
20	1.0	0.152	1.0
30	1.0	0.227	1.0
40	1.0	0.303	1.0
50	1.0	0.379	1.0
60	1.0	0.455	1.0
70	1.0	0.53	1.0
80	1.0	0.606	1.0
90	0.967	0.658	0.976
100	0.95	0.716	0.963
200	0.615	0.824	0.943
300	0.44	0.824	0.988
500	0.264	0.824	0.988
1000	0.132	0.824	0.988
