             precision    recall  f1-score   support

        0.0       0.98      0.55      0.70      6753
        1.0       0.06      0.70      0.10       261

avg / total       0.94      0.55      0.68      7014

10	1.0	0.038	1.0
20	1.0	0.077	1.0
30	1.0	0.115	1.0
40	1.0	0.153	1.0
50	1.0	0.192	1.0
60	0.833	0.192	0.882
70	0.743	0.198	0.813
80	0.7	0.209	0.776
90	0.622	0.209	0.714
100	0.57	0.211	0.67
200	0.35	0.236	0.456
300	0.243	0.237	0.381
500	0.16	0.237	0.401
1000	0.104	0.237	0.46
             precision    recall  f1-score   support

        0.0       0.64      0.54      0.59       261
        1.0       0.60      0.70      0.65       261

avg / total       0.62      0.62      0.62       522

10	1.0	0.038	1.0
20	1.0	0.077	1.0
30	1.0	0.115	1.0
40	1.0	0.153	1.0
50	1.0	0.192	1.0
60	0.933	0.214	0.953
70	0.929	0.246	0.948
80	0.887	0.268	0.917
90	0.844	0.285	0.884
100	0.82	0.304	0.863
200	0.7	0.478	0.753
300	0.607	0.536	0.739
500	0.518	0.536	0.95
1000	0.261	0.536	0.955
