             precision    recall  f1-score   support

        0.0       0.99      0.87      0.93      3642
        1.0       0.18      0.80      0.30       132

avg / total       0.96      0.87      0.91      3774

10	1.0	0.076	1.0
20	1.0	0.152	1.0
30	1.0	0.227	1.0
40	1.0	0.303	1.0
50	1.0	0.379	1.0
60	1.0	0.455	1.0
70	1.0	0.53	1.0
80	0.975	0.591	0.982
90	0.878	0.598	0.912
100	0.82	0.618	0.867
200	0.46	0.629	0.763
300	0.327	0.629	0.793
500	0.21	0.629	0.825
1000	0.116	0.629	0.87
             precision    recall  f1-score   support

        0.0       0.81      0.86      0.84       132
        1.0       0.85      0.80      0.82       132

avg / total       0.83      0.83      0.83       264

10	1.0	0.076	1.0
20	1.0	0.152	1.0
30	1.0	0.227	1.0
40	1.0	0.303	1.0
50	1.0	0.379	1.0
60	1.0	0.455	1.0
70	1.0	0.53	1.0
80	1.0	0.606	1.0
90	1.0	0.682	1.0
100	0.96	0.727	0.971
200	0.635	0.815	0.965
300	0.44	0.815	0.99
500	0.264	0.815	0.99
1000	0.132	0.815	0.99
