             precision    recall  f1-score   support

        0.0       0.99      0.86      0.92      3642
        1.0       0.18      0.86      0.30       132

avg / total       0.97      0.86      0.90      3774

10	1.0	0.076	1.0
20	1.0	0.152	1.0
30	0.967	0.217	0.976
40	0.9	0.268	0.929
50	0.9	0.33	0.925
60	0.867	0.377	0.899
70	0.814	0.408	0.858
80	0.787	0.444	0.835
90	0.756	0.474	0.808
100	0.71	0.491	0.771
200	0.46	0.525	0.745
300	0.337	0.525	0.789
500	0.214	0.525	0.816
1000	0.118	0.525	0.862
             precision    recall  f1-score   support

        0.0       0.86      0.87      0.86       132
        1.0       0.87      0.86      0.86       132

avg / total       0.86      0.86      0.86       264

10	1.0	0.076	1.0
20	1.0	0.152	1.0
30	1.0	0.227	1.0
40	1.0	0.303	1.0
50	0.98	0.371	0.986
60	0.983	0.446	0.988
70	0.986	0.52	0.989
80	0.975	0.587	0.981
90	0.978	0.661	0.983
100	0.98	0.735	0.984
200	0.63	0.839	0.959
300	0.44	0.839	0.989
500	0.264	0.839	0.989
1000	0.132	0.839	0.989
