             precision    recall  f1-score   support

        0.0       0.99      0.87      0.93      3642
        1.0       0.19      0.84      0.31       132

avg / total       0.97      0.87      0.90      3774

10	1.0	0.076	1.0
20	0.95	0.142	0.965
30	0.967	0.215	0.973
40	0.95	0.28	0.96
50	0.92	0.337	0.938
60	0.85	0.37	0.886
70	0.814	0.408	0.857
80	0.787	0.444	0.834
90	0.767	0.479	0.815
100	0.71	0.49	0.771
200	0.45	0.534	0.734
300	0.333	0.534	0.784
500	0.214	0.534	0.816
1000	0.115	0.534	0.849
             precision    recall  f1-score   support

        0.0       0.84      0.81      0.82       132
        1.0       0.82      0.84      0.83       132

avg / total       0.83      0.83      0.83       264

10	1.0	0.076	1.0
20	1.0	0.152	1.0
30	1.0	0.227	1.0
40	1.0	0.303	1.0
50	1.0	0.379	1.0
60	1.0	0.455	1.0
70	1.0	0.53	1.0
80	1.0	0.606	1.0
90	0.978	0.666	0.984
100	0.94	0.709	0.956
200	0.615	0.817	0.942
300	0.44	0.817	0.987
500	0.264	0.817	0.987
1000	0.132	0.817	0.987
