             precision    recall  f1-score   support

        0.0       0.99      0.85      0.92      6753
        1.0       0.16      0.75      0.27       261

avg / total       0.96      0.85      0.89      7014

10	1.0	1.0	1.0
20	1.0	1.0	1.0
30	1.0	1.0	1.0
40	1.0	1.0	1.0
50	1.0	1.0	1.0
60	1.0	1.0	1.0
70	1.0	1.0	1.0
80	1.0	1.0	1.0
90	1.0	1.0	1.0
100	1.0	1.0	1.0
200	0.71	0.704	0.774
300	0.507	0.551	0.663
500	0.342	0.551	0.714
1000	0.188	0.551	0.756
             precision    recall  f1-score   support

        0.0       0.78      0.86      0.82       261
        1.0       0.84      0.75      0.80       261

avg / total       0.81      0.81      0.81       522

10	1.0	1.0	1.0
20	1.0	1.0	1.0
30	1.0	1.0	1.0
40	1.0	1.0	1.0
50	1.0	1.0	1.0
60	1.0	1.0	1.0
70	1.0	1.0	1.0
80	1.0	1.0	1.0
90	1.0	1.0	1.0
100	1.0	1.0	1.0
200	0.89	0.877	0.915
300	0.727	0.769	0.866
500	0.518	0.769	0.979
1000	0.261	0.769	0.984
