             precision    recall  f1-score   support

        0.0       0.99      0.80      0.89      6753
        1.0       0.12      0.71      0.21       261

avg / total       0.95      0.80      0.86      7014

10	1.0	0.038	1.0
20	1.0	0.077	1.0
30	1.0	0.115	1.0
40	1.0	0.153	1.0
50	1.0	0.192	1.0
60	1.0	0.23	1.0
70	1.0	0.268	1.0
80	1.0	0.307	1.0
90	0.889	0.307	0.92
100	0.89	0.337	0.918
200	0.605	0.441	0.684
300	0.47	0.473	0.619
500	0.308	0.473	0.654
1000	0.173	0.473	0.701
             precision    recall  f1-score   support

        0.0       0.73      0.79      0.76       261
        1.0       0.77      0.71      0.74       261

avg / total       0.75      0.75      0.75       522

10	1.0	0.038	1.0
20	1.0	0.077	1.0
30	1.0	0.115	1.0
40	1.0	0.153	1.0
50	1.0	0.192	1.0
60	1.0	0.23	1.0
70	1.0	0.268	1.0
80	1.0	0.307	1.0
90	0.989	0.341	0.992
100	0.99	0.379	0.992
200	0.835	0.622	0.87
300	0.707	0.706	0.844
500	0.514	0.706	0.968
1000	0.261	0.706	0.978
