             precision    recall  f1-score   support

        0.0       0.99      0.87      0.93      3642
        1.0       0.19      0.85      0.31       132

avg / total       0.97      0.87      0.90      3774

10	1.0	0.076	1.0
20	1.0	0.152	1.0
30	0.967	0.217	0.976
40	0.975	0.291	0.98
50	0.9	0.333	0.926
60	0.833	0.366	0.876
70	0.8	0.403	0.848
80	0.787	0.446	0.835
90	0.733	0.463	0.793
100	0.68	0.474	0.75
200	0.45	0.537	0.734
300	0.333	0.537	0.784
500	0.212	0.537	0.811
1000	0.115	0.537	0.849
             precision    recall  f1-score   support

        0.0       0.85      0.85      0.85       132
        1.0       0.85      0.85      0.85       132

avg / total       0.85      0.85      0.85       264

10	1.0	0.076	1.0
20	1.0	0.152	1.0
30	1.0	0.227	1.0
40	1.0	0.303	1.0
50	1.0	0.379	1.0
60	1.0	0.455	1.0
70	0.971	0.515	0.98
80	0.975	0.589	0.982
90	0.956	0.648	0.967
100	0.94	0.705	0.955
200	0.62	0.827	0.947
300	0.44	0.827	0.987
500	0.264	0.827	0.987
1000	0.132	0.827	0.987
