             precision    recall  f1-score   support

        0.0       0.99      0.84      0.91      3642
        1.0       0.16      0.83      0.26       132

avg / total       0.96      0.84      0.89      3774

10	1.0	0.076	1.0
20	1.0	0.152	1.0
30	1.0	0.227	1.0
40	1.0	0.303	1.0
50	1.0	0.379	1.0
60	1.0	0.455	1.0
70	1.0	0.53	1.0
80	0.988	0.598	0.991
90	0.889	0.605	0.92
100	0.81	0.611	0.86
200	0.46	0.635	0.763
300	0.337	0.635	0.808
500	0.214	0.635	0.835
1000	0.116	0.635	0.872
             precision    recall  f1-score   support

        0.0       0.83      0.87      0.85       132
        1.0       0.87      0.83      0.84       132

avg / total       0.85      0.85      0.85       264

10	1.0	0.076	1.0
20	1.0	0.152	1.0
30	1.0	0.227	1.0
40	1.0	0.303	1.0
50	1.0	0.379	1.0
60	1.0	0.455	1.0
70	1.0	0.53	1.0
80	1.0	0.606	1.0
90	0.956	0.65	0.968
100	0.95	0.715	0.963
200	0.63	0.84	0.961
300	0.44	0.84	0.991
500	0.264	0.84	0.991
1000	0.132	0.84	0.991
