             precision    recall  f1-score   support

        0.0       0.98      0.67      0.79      6753
        1.0       0.07      0.68      0.13       261

avg / total       0.95      0.67      0.77      7014

10	1.0	0.038	1.0
20	1.0	0.077	1.0
30	0.933	0.105	0.952
40	0.95	0.141	0.96
50	0.94	0.174	0.952
60	0.85	0.188	0.887
70	0.743	0.191	0.807
80	0.675	0.197	0.753
90	0.667	0.212	0.741
100	0.62	0.217	0.702
200	0.375	0.24	0.473
300	0.283	0.246	0.416
500	0.196	0.246	0.452
1000	0.125	0.246	0.518
             precision    recall  f1-score   support

        0.0       0.68      0.68      0.68       261
        1.0       0.68      0.68      0.68       261

avg / total       0.68      0.68      0.68       522

10	1.0	0.038	1.0
20	1.0	0.077	1.0
30	1.0	0.115	1.0
40	1.0	0.153	1.0
50	1.0	0.192	1.0
60	1.0	0.23	1.0
70	0.971	0.26	0.98
80	0.938	0.285	0.954
90	0.911	0.31	0.934
100	0.89	0.334	0.917
200	0.725	0.508	0.776
300	0.66	0.594	0.791
500	0.516	0.594	0.955
1000	0.261	0.594	0.963
