             precision    recall  f1-score   support

        0.0       0.99      0.72      0.83      3642
        1.0       0.09      0.75      0.16       132

avg / total       0.96      0.72      0.81      3774

10	0.3	0.007	0.233
20	0.15	0.007	0.15
30	0.1	0.007	0.116
40	0.125	0.009	0.13
50	0.1	0.009	0.112
60	0.083	0.009	0.099
70	0.086	0.009	0.099
80	0.125	0.013	0.126
90	0.122	0.014	0.124
100	0.14	0.017	0.136
200	0.155	0.024	0.205
300	0.153	0.024	0.278
500	0.128	0.024	0.359
1000	0.092	0.024	0.473
             precision    recall  f1-score   support

        0.0       0.75      0.74      0.75       132
        1.0       0.74      0.75      0.75       132

avg / total       0.75      0.75      0.75       264

10	0.7	0.045	0.762
20	0.85	0.106	0.847
30	0.833	0.157	0.836
40	0.85	0.215	0.847
50	0.88	0.281	0.869
60	0.833	0.32	0.837
70	0.829	0.37	0.833
80	0.812	0.414	0.822
90	0.778	0.444	0.796
100	0.76	0.479	0.782
200	0.62	0.612	0.902
300	0.44	0.612	0.942
500	0.264	0.612	0.942
1000	0.132	0.612	0.942
