             precision    recall  f1-score   support

        0.0       0.98      0.75      0.85      3642
        1.0       0.09      0.67      0.16       132

avg / total       0.95      0.75      0.83      3774

10	0.1	0.001	0.073
20	0.05	0.001	0.047
30	0.1	0.003	0.084
40	0.125	0.005	0.104
50	0.18	0.01	0.146
60	0.167	0.011	0.141
70	0.171	0.014	0.146
80	0.163	0.015	0.142
90	0.178	0.019	0.155
100	0.16	0.019	0.144
200	0.16	0.023	0.205
300	0.143	0.023	0.259
500	0.116	0.023	0.327
1000	0.091	0.023	0.462
             precision    recall  f1-score   support

        0.0       0.69      0.73      0.71       132
        1.0       0.71      0.67      0.69       132

avg / total       0.70      0.70      0.70       264

10	0.8	0.044	0.751
20	0.8	0.093	0.768
30	0.8	0.14	0.774
40	0.8	0.19	0.78
50	0.8	0.238	0.782
60	0.75	0.268	0.749
70	0.771	0.321	0.765
80	0.75	0.356	0.75
90	0.744	0.395	0.746
100	0.72	0.423	0.728
200	0.6	0.542	0.859
300	0.44	0.542	0.919
500	0.264	0.542	0.919
1000	0.132	0.542	0.919
