             precision    recall  f1-score   support

        0.0       0.99      0.73      0.84      3642
        1.0       0.09      0.77      0.17       132

avg / total       0.96      0.73      0.82      3774

10	0.1	0.002	0.095
20	0.1	0.003	0.094
30	0.133	0.005	0.117
40	0.15	0.007	0.132
50	0.2	0.013	0.169
60	0.233	0.019	0.196
70	0.214	0.021	0.187
80	0.2	0.023	0.179
90	0.222	0.029	0.196
100	0.22	0.032	0.197
200	0.19	0.043	0.248
300	0.157	0.043	0.292
500	0.13	0.043	0.374
1000	0.099	0.043	0.514
             precision    recall  f1-score   support

        0.0       0.76      0.74      0.75       132
        1.0       0.75      0.77      0.76       132

avg / total       0.75      0.75      0.75       264

10	0.9	0.057	0.861
20	0.9	0.12	0.877
30	0.9	0.181	0.882
40	0.9	0.243	0.885
50	0.9	0.304	0.887
60	0.867	0.351	0.865
70	0.829	0.39	0.838
80	0.8	0.426	0.817
90	0.8	0.475	0.816
100	0.8	0.524	0.814
200	0.6	0.644	0.887
300	0.44	0.644	0.947
500	0.264	0.644	0.947
1000	0.132	0.644	0.947
