             precision    recall  f1-score   support

        0.0       0.98      0.73      0.84      3642
        1.0       0.08      0.66      0.15       132

avg / total       0.95      0.73      0.82      3774

10	0.0	0.0	0.0
20	0.2	0.005	0.145
30	0.167	0.006	0.134
40	0.15	0.008	0.128
50	0.14	0.009	0.124
60	0.15	0.011	0.133
70	0.157	0.014	0.14
80	0.163	0.016	0.145
90	0.178	0.02	0.158
100	0.19	0.024	0.168
200	0.14	0.03	0.187
300	0.13	0.03	0.241
500	0.11	0.03	0.315
1000	0.086	0.03	0.443
             precision    recall  f1-score   support

        0.0       0.66      0.67      0.67       132
        1.0       0.67      0.66      0.66       132

avg / total       0.67      0.67      0.67       264

10	0.6	0.027	0.511
20	0.75	0.075	0.65
30	0.767	0.122	0.685
40	0.825	0.183	0.74
50	0.84	0.239	0.762
60	0.817	0.284	0.755
70	0.786	0.32	0.739
80	0.762	0.355	0.727
90	0.733	0.384	0.709
100	0.72	0.417	0.701
200	0.595	0.497	0.829
300	0.44	0.497	0.894
500	0.264	0.497	0.894
1000	0.132	0.497	0.894
