             precision    recall  f1-score   support

        0.0       0.99      0.87      0.93      3642
        1.0       0.19      0.83      0.30       132

avg / total       0.96      0.87      0.90      3774

10	1.0	1.0	1.0
20	1.0	1.0	1.0
30	0.967	0.958	0.976
40	0.975	0.961	0.98
50	0.9	0.881	0.927
60	0.85	0.82	0.888
70	0.829	0.787	0.869
80	0.787	0.738	0.836
90	0.733	0.682	0.793
100	0.72	0.658	0.779
200	0.455	0.529	0.741
300	0.33	0.529	0.781
500	0.216	0.529	0.821
1000	0.114	0.529	0.846
             precision    recall  f1-score   support

        0.0       0.83      0.83      0.83       132
        1.0       0.83      0.83      0.83       132

avg / total       0.83      0.83      0.83       264

10	1.0	1.0	1.0
20	1.0	1.0	1.0
30	1.0	1.0	1.0
40	1.0	1.0	1.0
50	1.0	1.0	1.0
60	0.983	0.983	0.988
70	0.986	0.983	0.99
80	0.975	0.971	0.982
90	0.956	0.95	0.967
100	0.94	0.931	0.955
200	0.62	0.813	0.947
300	0.44	0.813	0.987
500	0.264	0.813	0.987
1000	0.132	0.813	0.987
