             precision    recall  f1-score   support

        0.0       0.99      0.85      0.91      3642
        1.0       0.16      0.82      0.27       132

avg / total       0.96      0.85      0.89      3774

10	1.0	1.0	1.0
20	1.0	1.0	1.0
30	1.0	1.0	1.0
40	1.0	1.0	1.0
50	1.0	1.0	1.0
60	1.0	1.0	1.0
70	1.0	1.0	1.0
80	0.963	0.962	0.973
90	0.856	0.855	0.896
100	0.81	0.803	0.86
200	0.46	0.637	0.763
300	0.33	0.637	0.798
500	0.208	0.637	0.821
1000	0.113	0.637	0.858
             precision    recall  f1-score   support

        0.0       0.82      0.82      0.82       132
        1.0       0.82      0.82      0.82       132

avg / total       0.82      0.82      0.82       264

10	1.0	1.0	1.0
20	1.0	1.0	1.0
30	1.0	1.0	1.0
40	1.0	1.0	1.0
50	1.0	1.0	1.0
60	1.0	1.0	1.0
70	1.0	1.0	1.0
80	0.988	0.987	0.991
90	0.956	0.954	0.968
100	0.92	0.915	0.941
200	0.625	0.8	0.952
300	0.44	0.8	0.987
500	0.264	0.8	0.987
1000	0.132	0.8	0.987
