             precision    recall  f1-score   support

        0.0       0.99      0.85      0.92      3642
        1.0       0.16      0.79      0.27       132

avg / total       0.96      0.85      0.89      3774

10	1.0	0.076	1.0
20	1.0	0.152	1.0
30	1.0	0.227	1.0
40	1.0	0.303	1.0
50	1.0	0.379	1.0
60	1.0	0.455	1.0
70	1.0	0.53	1.0
80	0.95	0.576	0.965
90	0.878	0.596	0.911
100	0.79	0.596	0.845
200	0.435	0.613	0.735
300	0.307	0.613	0.759
500	0.204	0.613	0.805
1000	0.113	0.613	0.85
             precision    recall  f1-score   support

        0.0       0.80      0.84      0.82       132
        1.0       0.83      0.79      0.81       132

avg / total       0.82      0.81      0.81       264

10	1.0	0.076	1.0
20	1.0	0.152	1.0
30	1.0	0.227	1.0
40	1.0	0.303	1.0
50	1.0	0.379	1.0
60	1.0	0.455	1.0
70	1.0	0.53	1.0
80	1.0	0.606	1.0
90	0.967	0.658	0.976
100	0.92	0.694	0.941
200	0.635	0.8	0.962
300	0.44	0.8	0.987
500	0.264	0.8	0.987
1000	0.132	0.8	0.987
