             precision    recall  f1-score   support

        0.0       0.99      0.87      0.92      6753
        1.0       0.18      0.74      0.29       261

avg / total       0.96      0.86      0.90      7014

10	1.0	1.0	1.0
20	1.0	1.0	1.0
30	1.0	1.0	1.0
40	1.0	1.0	1.0
50	1.0	1.0	1.0
60	1.0	1.0	1.0
70	1.0	1.0	1.0
80	1.0	1.0	1.0
90	1.0	1.0	1.0
100	1.0	1.0	1.0
200	0.725	0.719	0.787
300	0.517	0.558	0.672
500	0.332	0.558	0.702
1000	0.191	0.558	0.765
             precision    recall  f1-score   support

        0.0       0.77      0.89      0.83       261
        1.0       0.87      0.74      0.80       261

avg / total       0.82      0.81      0.81       522

10	1.0	1.0	1.0
20	1.0	1.0	1.0
30	1.0	1.0	1.0
40	1.0	1.0	1.0
50	1.0	1.0	1.0
60	1.0	1.0	1.0
70	1.0	1.0	1.0
80	1.0	1.0	1.0
90	1.0	1.0	1.0
100	1.0	1.0	1.0
200	0.905	0.895	0.927
300	0.733	0.768	0.873
500	0.518	0.768	0.979
1000	0.261	0.768	0.985
