             precision    recall  f1-score   support

        0.0       0.99      0.87      0.93      6753
        1.0       0.19      0.78      0.31       261

avg / total       0.96      0.87      0.90      7014

10	1.0	1.0	1.0
20	1.0	1.0	1.0
30	0.967	0.962	0.977
40	0.975	0.964	0.981
50	0.98	0.967	0.984
60	0.983	0.97	0.986
70	0.971	0.958	0.977
80	0.95	0.933	0.961
90	0.944	0.924	0.956
100	0.93	0.907	0.945
200	0.685	0.639	0.746
300	0.517	0.516	0.663
500	0.352	0.516	0.721
1000	0.2	0.516	0.78
             precision    recall  f1-score   support

        0.0       0.80      0.89      0.84       261
        1.0       0.88      0.78      0.83       261

avg / total       0.84      0.84      0.83       522

10	1.0	1.0	1.0
20	1.0	1.0	1.0
30	0.967	0.962	0.977
40	0.975	0.964	0.981
50	0.98	0.967	0.984
60	0.983	0.97	0.986
70	0.986	0.972	0.987
80	0.988	0.974	0.988
90	0.989	0.975	0.989
100	0.99	0.977	0.99
200	0.915	0.898	0.932
300	0.757	0.796	0.893
500	0.516	0.796	0.977
1000	0.261	0.796	0.985
