rbf_1000_0.0001
             precision    recall  f1-score   support

        0.0       0.99      0.74      0.84      3642
        1.0       0.09      0.72      0.16       132

avg / total       0.96      0.73      0.82      3774
10	0.2	0.004	0.174
20	0.15	0.005	0.146
30	0.167	0.008	0.158
40	0.25	0.016	0.216
50	0.24	0.02	0.214
60	0.2	0.02	0.188
70	0.186	0.021	0.179
80	0.188	0.024	0.181
90	0.189	0.027	0.183
100	0.17	0.027	0.169
200	0.175	0.036	0.237
300	0.157	0.036	0.296
500	0.12	0.036	0.355
1000	0.094	0.036	0.495
ClaimBuster
10	0.1	0.001	0.078
20	0.15	0.004	0.12
30	0.133	0.005	0.115
40	0.125	0.006	0.112
50	0.18	0.011	0.152
60	0.183	0.013	0.158
70	0.2	0.018	0.172
80	0.188	0.019	0.166
90	0.2	0.024	0.177
100	0.18	0.024	0.164
200	0.15	0.031	0.2
300	0.163	0.031	0.293
500	0.138	0.031	0.385
1000	0.091	0.031	0.476
rbf_1000_0.0001sampledtest
             precision    recall  f1-score   support

        0.0       0.72      0.73      0.72       132
        1.0       0.73      0.72      0.72       132

avg / total       0.72      0.72      0.72       264
10	1.0	0.076	1.0
20	0.8	0.115	0.856
30	0.867	0.179	0.889
40	0.875	0.239	0.892
50	0.88	0.298	0.893
60	0.85	0.344	0.87
70	0.829	0.388	0.853
80	0.825	0.438	0.848
90	0.8	0.475	0.828
100	0.8	0.524	0.826
200	0.595	0.61	0.888
300	0.44	0.61	0.953
500	0.264	0.61	0.953
1000	0.132	0.61	0.953
rbf_100_0.0001
             precision    recall  f1-score   support

        0.0       0.99      0.75      0.85      3642
        1.0       0.09      0.70      0.16       132

avg / total       0.95      0.75      0.83      3774
10	0.1	0.002	0.095
20	0.1	0.003	0.098
30	0.167	0.007	0.146
40	0.15	0.008	0.138
50	0.16	0.011	0.147
60	0.2	0.016	0.177
70	0.229	0.023	0.199
80	0.212	0.025	0.19
90	0.189	0.025	0.175
100	0.19	0.028	0.177
200	0.165	0.033	0.22
300	0.147	0.033	0.275
500	0.124	0.033	0.356
1000	0.092	0.033	0.48
ClaimBuster
10	0.1	0.001	0.078
20	0.15	0.004	0.12
30	0.133	0.005	0.115
40	0.125	0.006	0.112
50	0.18	0.011	0.152
60	0.183	0.013	0.158
70	0.2	0.018	0.172
80	0.188	0.019	0.166
90	0.2	0.024	0.177
100	0.18	0.024	0.164
200	0.15	0.031	0.2
300	0.163	0.031	0.293
500	0.138	0.031	0.385
1000	0.091	0.031	0.476
rbf_100_0.0001sampledtest
             precision    recall  f1-score   support

        0.0       0.71      0.72      0.71       132
        1.0       0.72      0.70      0.71       132

avg / total       0.71      0.71      0.71       264
10	0.9	0.065	0.922
20	0.85	0.117	0.877
30	0.8	0.159	0.834
40	0.85	0.221	0.863
50	0.86	0.28	0.868
60	0.85	0.332	0.86
70	0.814	0.369	0.833
80	0.8	0.411	0.821
90	0.8	0.46	0.82
100	0.76	0.484	0.789
200	0.585	0.586	0.87
300	0.44	0.586	0.945
500	0.264	0.586	0.945
1000	0.132	0.586	0.945
rbf_10_0.0001
             precision    recall  f1-score   support

        0.0       0.98      0.75      0.85      3642
        1.0       0.08      0.63      0.15       132

avg / total       0.95      0.74      0.82      3774
10	0.1	0.001	0.066
20	0.15	0.003	0.114
30	0.133	0.004	0.11
40	0.125	0.005	0.108
50	0.12	0.006	0.107
60	0.15	0.01	0.13
70	0.2	0.017	0.167
80	0.188	0.018	0.161
90	0.178	0.02	0.156
100	0.2	0.025	0.174
200	0.15	0.031	0.197
300	0.127	0.031	0.236
500	0.116	0.031	0.327
1000	0.083	0.031	0.43
ClaimBuster
10	0.1	0.001	0.078
20	0.15	0.004	0.12
30	0.133	0.005	0.115
40	0.125	0.006	0.112
50	0.18	0.011	0.152
60	0.183	0.013	0.158
70	0.2	0.018	0.172
80	0.188	0.019	0.166
90	0.2	0.024	0.177
100	0.18	0.024	0.164
200	0.15	0.031	0.2
300	0.163	0.031	0.293
500	0.138	0.031	0.385
1000	0.091	0.031	0.476
rbf_10_0.0001sampledtest
             precision    recall  f1-score   support

        0.0       0.67      0.74      0.70       132
        1.0       0.71      0.63      0.67       132

avg / total       0.69      0.69      0.68       264
10	0.7	0.043	0.745
20	0.8	0.097	0.803
30	0.833	0.153	0.825
40	0.825	0.204	0.821
50	0.8	0.247	0.804
60	0.8	0.296	0.804
70	0.8	0.345	0.803
80	0.762	0.375	0.776
90	0.767	0.421	0.778
100	0.76	0.462	0.773
200	0.57	0.543	0.84
300	0.44	0.543	0.93
500	0.264	0.543	0.93
1000	0.132	0.543	0.93
rbf_1_0.0001
             precision    recall  f1-score   support

        0.0       0.97      0.68      0.80      3642
        1.0       0.05      0.50      0.10       132

avg / total       0.94      0.67      0.77      3774
10	0.1	0.001	0.066
20	0.05	0.001	0.043
30	0.067	0.001	0.056
40	0.05	0.001	0.047
50	0.1	0.003	0.082
60	0.1	0.004	0.084
70	0.114	0.006	0.096
80	0.1	0.006	0.088
90	0.089	0.006	0.081
100	0.1	0.008	0.089
200	0.095	0.011	0.123
300	0.087	0.011	0.157
500	0.074	0.011	0.206
1000	0.062	0.011	0.311
ClaimBuster
10	0.1	0.001	0.078
20	0.15	0.004	0.12
30	0.133	0.005	0.115
40	0.125	0.006	0.112
50	0.18	0.011	0.152
60	0.183	0.013	0.158
70	0.2	0.018	0.172
80	0.188	0.019	0.166
90	0.2	0.024	0.177
100	0.18	0.024	0.164
200	0.15	0.031	0.2
300	0.163	0.031	0.293
500	0.138	0.031	0.385
1000	0.091	0.031	0.476
rbf_1_0.0001sampledtest
             precision    recall  f1-score   support

        0.0       0.58      0.70      0.64       132
        1.0       0.63      0.50      0.56       132

avg / total       0.61      0.60      0.60       264
10	0.8	0.051	0.798
20	0.85	0.106	0.831
30	0.767	0.142	0.777
40	0.725	0.177	0.746
50	0.72	0.215	0.74
60	0.733	0.26	0.747
70	0.7	0.286	0.722
80	0.675	0.312	0.702
90	0.678	0.348	0.702
100	0.63	0.358	0.666
200	0.545	0.429	0.795
300	0.44	0.429	0.909
500	0.264	0.429	0.909
1000	0.132	0.429	0.909
rbf_1000_1e-05
             precision    recall  f1-score   support

        0.0       0.99      0.76      0.86      3642
        1.0       0.10      0.70      0.17       132

avg / total       0.95      0.76      0.84      3774
10	0.1	0.002	0.085
20	0.1	0.002	0.087
30	0.067	0.002	0.067
40	0.125	0.005	0.107
50	0.18	0.01	0.148
60	0.167	0.011	0.142
70	0.186	0.015	0.158
80	0.2	0.02	0.171
90	0.2	0.023	0.173
100	0.23	0.031	0.197
200	0.15	0.038	0.2
300	0.137	0.038	0.254
500	0.12	0.038	0.34
1000	0.094	0.038	0.481
ClaimBuster
10	0.1	0.001	0.078
20	0.15	0.004	0.12
30	0.133	0.005	0.115
40	0.125	0.006	0.112
50	0.18	0.011	0.152
60	0.183	0.013	0.158
70	0.2	0.018	0.172
80	0.188	0.019	0.166
90	0.2	0.024	0.177
100	0.18	0.024	0.164
200	0.15	0.031	0.2
300	0.163	0.031	0.293
500	0.138	0.031	0.385
1000	0.091	0.031	0.476
rbf_1000_1e-05sampledtest
             precision    recall  f1-score   support

        0.0       0.72      0.77      0.74       132
        1.0       0.75      0.70      0.72       132

avg / total       0.73      0.73      0.73       264
10	0.8	0.05	0.812
20	0.85	0.106	0.841
30	0.833	0.158	0.833
40	0.85	0.215	0.844
50	0.84	0.267	0.838
60	0.833	0.319	0.834
70	0.814	0.362	0.82
80	0.812	0.411	0.818
90	0.811	0.461	0.817
100	0.78	0.49	0.794
200	0.595	0.592	0.873
300	0.44	0.592	0.938
500	0.264	0.592	0.938
1000	0.132	0.592	0.938
rbf_100_1e-05
             precision    recall  f1-score   support

        0.0       0.98      0.79      0.87      3642
        1.0       0.09      0.59      0.16       132

avg / total       0.95      0.78      0.85      3774
10	0.0	0.0	0.0
20	0.05	0.0	0.033
30	0.167	0.004	0.118
40	0.125	0.004	0.097
50	0.12	0.006	0.098
60	0.133	0.007	0.11
70	0.129	0.008	0.109
80	0.15	0.012	0.126
90	0.178	0.017	0.148
100	0.18	0.02	0.151
200	0.16	0.024	0.199
300	0.133	0.024	0.238
500	0.116	0.024	0.32
1000	0.085	0.024	0.431
ClaimBuster
10	0.1	0.001	0.078
20	0.15	0.004	0.12
30	0.133	0.005	0.115
40	0.125	0.006	0.112
50	0.18	0.011	0.152
60	0.183	0.013	0.158
70	0.2	0.018	0.172
80	0.188	0.019	0.166
90	0.2	0.024	0.177
100	0.18	0.024	0.164
200	0.15	0.031	0.2
300	0.163	0.031	0.293
500	0.138	0.031	0.385
1000	0.091	0.031	0.476
rbf_100_1e-05sampledtest
             precision    recall  f1-score   support

        0.0       0.66      0.80      0.73       132
        1.0       0.75      0.59      0.66       132

avg / total       0.71      0.70      0.69       264
10	0.8	0.04	0.67
20	0.85	0.098	0.754
30	0.833	0.149	0.763
40	0.85	0.207	0.788
50	0.82	0.252	0.776
60	0.833	0.309	0.791
70	0.8	0.346	0.771
80	0.775	0.382	0.756
90	0.778	0.429	0.759
100	0.76	0.464	0.748
200	0.585	0.546	0.835
300	0.44	0.546	0.91
500	0.264	0.546	0.91
1000	0.132	0.546	0.91
rbf_10_1e-05
             precision    recall  f1-score   support

        0.0       0.98      0.79      0.88      3642
        1.0       0.07      0.45      0.13       132

avg / total       0.94      0.78      0.85      3774
10	0.0	0.0	0.0
20	0.2	0.004	0.134
30	0.133	0.004	0.103
40	0.1	0.004	0.085
50	0.08	0.004	0.073
60	0.067	0.004	0.065
70	0.057	0.004	0.058
80	0.05	0.004	0.053
90	0.056	0.005	0.057
100	0.05	0.005	0.053
200	0.07	0.006	0.092
300	0.073	0.006	0.132
500	0.08	0.006	0.213
1000	0.064	0.006	0.313
ClaimBuster
10	0.1	0.001	0.078
20	0.15	0.004	0.12
30	0.133	0.005	0.115
40	0.125	0.006	0.112
50	0.18	0.011	0.152
60	0.183	0.013	0.158
70	0.2	0.018	0.172
80	0.188	0.019	0.166
90	0.2	0.024	0.177
100	0.18	0.024	0.164
200	0.15	0.031	0.2
300	0.163	0.031	0.293
500	0.138	0.031	0.385
1000	0.091	0.031	0.476
rbf_10_1e-05sampledtest
             precision    recall  f1-score   support

        0.0       0.59      0.80      0.68       132
        1.0       0.69      0.45      0.55       132

avg / total       0.64      0.62      0.61       264
10	0.7	0.047	0.772
20	0.65	0.081	0.718
30	0.7	0.123	0.738
40	0.725	0.167	0.749
50	0.7	0.2	0.728
60	0.7	0.237	0.725
70	0.7	0.275	0.723
80	0.7	0.312	0.721
90	0.678	0.338	0.703
100	0.65	0.358	0.681
200	0.55	0.43	0.802
300	0.44	0.43	0.912
500	0.264	0.43	0.912
1000	0.132	0.43	0.912
rbf_1_1e-05
             precision    recall  f1-score   support

        0.0       0.97      0.87      0.92      3642
        1.0       0.05      0.20      0.08       132

avg / total       0.94      0.85      0.89      3774
10	0.1	0.001	0.064
20	0.1	0.002	0.074
30	0.067	0.002	0.057
40	0.05	0.002	0.047
50	0.06	0.002	0.054
60	0.05	0.002	0.048
70	0.071	0.003	0.063
80	0.062	0.003	0.057
90	0.056	0.003	0.053
100	0.05	0.003	0.049
200	0.05	0.003	0.067
300	0.057	0.003	0.101
500	0.052	0.003	0.142
1000	0.057	0.003	0.27
ClaimBuster
10	0.1	0.001	0.078
20	0.15	0.004	0.12
30	0.133	0.005	0.115
40	0.125	0.006	0.112
50	0.18	0.011	0.152
60	0.183	0.013	0.158
70	0.2	0.018	0.172
80	0.188	0.019	0.166
90	0.2	0.024	0.177
100	0.18	0.024	0.164
200	0.15	0.031	0.2
300	0.163	0.031	0.293
500	0.138	0.031	0.385
1000	0.091	0.031	0.476
rbf_1_1e-05sampledtest
             precision    recall  f1-score   support

        0.0       0.52      0.89      0.66       132
        1.0       0.63      0.20      0.30       132

avg / total       0.58      0.54      0.48       264
10	0.7	0.038	0.697
20	0.6	0.06	0.621
30	0.633	0.094	0.64
40	0.625	0.123	0.633
50	0.64	0.157	0.643
60	0.667	0.197	0.661
70	0.657	0.228	0.655
80	0.662	0.262	0.659
90	0.656	0.291	0.654
100	0.63	0.311	0.636
200	0.545	0.371	0.769
300	0.44	0.371	0.883
500	0.264	0.371	0.883
1000	0.132	0.371	0.883
rbf_500_0.0001
             precision    recall  f1-score   support

        0.0       0.99      0.74      0.84      3642
        1.0       0.09      0.73      0.16       132

avg / total       0.96      0.74      0.82      3774
10	0.2	0.004	0.176
20	0.1	0.004	0.114
30	0.167	0.008	0.158
40	0.25	0.017	0.219
50	0.24	0.021	0.217
60	0.2	0.021	0.191
70	0.2	0.024	0.192
80	0.175	0.024	0.175
90	0.178	0.027	0.177
100	0.17	0.028	0.171
200	0.175	0.041	0.239
300	0.157	0.041	0.298
500	0.124	0.041	0.366
1000	0.095	0.041	0.502
ClaimBuster
10	0.1	0.001	0.078
20	0.15	0.004	0.12
30	0.133	0.005	0.115
40	0.125	0.006	0.112
50	0.18	0.011	0.152
60	0.183	0.013	0.158
70	0.2	0.018	0.172
80	0.188	0.019	0.166
90	0.2	0.024	0.177
100	0.18	0.024	0.164
200	0.15	0.031	0.2
300	0.163	0.031	0.293
500	0.138	0.031	0.385
1000	0.091	0.031	0.476
rbf_500_0.0001sampledtest
             precision    recall  f1-score   support

        0.0       0.73      0.75      0.74       132
        1.0       0.74      0.73      0.74       132

avg / total       0.74      0.74      0.74       264
10	1.0	0.076	1.0
20	0.8	0.114	0.855
30	0.867	0.178	0.889
40	0.85	0.229	0.873
50	0.88	0.295	0.89
60	0.85	0.341	0.868
70	0.843	0.392	0.861
80	0.8	0.424	0.829
90	0.811	0.479	0.835
100	0.8	0.522	0.825
200	0.595	0.614	0.888
300	0.44	0.614	0.953
500	0.264	0.614	0.953
1000	0.132	0.614	0.953
rbf_5_0.0001
             precision    recall  f1-score   support

        0.0       0.98      0.76      0.85      3642
        1.0       0.08      0.56      0.14       132

avg / total       0.95      0.75      0.83      3774
10	0.0	0.0	0.0
20	0.1	0.001	0.07
30	0.133	0.003	0.1
40	0.125	0.005	0.1
50	0.14	0.007	0.114
60	0.15	0.009	0.124
70	0.157	0.012	0.132
80	0.188	0.017	0.156
90	0.189	0.02	0.16
100	0.19	0.023	0.162
200	0.15	0.029	0.193
300	0.133	0.029	0.242
500	0.106	0.029	0.302
1000	0.077	0.029	0.401
ClaimBuster
10	0.1	0.001	0.078
20	0.15	0.004	0.12
30	0.133	0.005	0.115
40	0.125	0.006	0.112
50	0.18	0.011	0.152
60	0.183	0.013	0.158
70	0.2	0.018	0.172
80	0.188	0.019	0.166
90	0.2	0.024	0.177
100	0.18	0.024	0.164
200	0.15	0.031	0.2
300	0.163	0.031	0.293
500	0.138	0.031	0.385
1000	0.091	0.031	0.476
rbf_5_0.0001sampledtest
             precision    recall  f1-score   support

        0.0       0.63      0.73      0.68       132
        1.0       0.68      0.56      0.61       132

avg / total       0.65      0.65      0.65       264
10	0.8	0.051	0.817
20	0.8	0.097	0.806
30	0.8	0.148	0.806
40	0.825	0.203	0.823
50	0.82	0.254	0.82
60	0.817	0.304	0.817
70	0.771	0.335	0.786
80	0.738	0.363	0.76
90	0.722	0.397	0.747
100	0.7	0.424	0.729
200	0.575	0.522	0.842
300	0.44	0.522	0.927
500	0.264	0.522	0.927
1000	0.132	0.522	0.927
rbf_500_1e-05
             precision    recall  f1-score   support

        0.0       0.98      0.75      0.85      3642
        1.0       0.09      0.67      0.16       132

avg / total       0.95      0.75      0.83      3774
10	0.1	0.001	0.066
20	0.05	0.001	0.043
30	0.1	0.003	0.081
40	0.1	0.003	0.084
50	0.16	0.008	0.129
60	0.167	0.01	0.137
70	0.157	0.011	0.133
80	0.163	0.014	0.139
90	0.211	0.023	0.176
100	0.22	0.028	0.185
200	0.15	0.032	0.195
300	0.13	0.032	0.24
500	0.124	0.032	0.344
1000	0.088	0.032	0.452
ClaimBuster
10	0.1	0.001	0.078
20	0.15	0.004	0.12
30	0.133	0.005	0.115
40	0.125	0.006	0.112
50	0.18	0.011	0.152
60	0.183	0.013	0.158
70	0.2	0.018	0.172
80	0.188	0.019	0.166
90	0.2	0.024	0.177
100	0.18	0.024	0.164
200	0.15	0.031	0.2
300	0.163	0.031	0.293
500	0.138	0.031	0.385
1000	0.091	0.031	0.476
rbf_500_1e-05sampledtest
             precision    recall  f1-score   support

        0.0       0.69      0.76      0.72       132
        1.0       0.73      0.67      0.70       132

avg / total       0.71      0.71      0.71       264
10	0.8	0.051	0.82
20	0.85	0.107	0.848
30	0.833	0.16	0.838
40	0.85	0.217	0.848
50	0.84	0.268	0.842
60	0.817	0.312	0.825
70	0.843	0.375	0.843
80	0.825	0.419	0.83
90	0.8	0.456	0.811
100	0.78	0.492	0.796
200	0.59	0.584	0.87
300	0.44	0.584	0.94
500	0.264	0.584	0.94
1000	0.132	0.584	0.94
rbf_5_1e-05
             precision    recall  f1-score   support

        0.0       0.97      0.81      0.88      3642
        1.0       0.07      0.39      0.12       132

avg / total       0.94      0.79      0.86      3774
10	0.0	0.0	0.0
20	0.1	0.001	0.067
30	0.067	0.001	0.051
40	0.1	0.003	0.077
50	0.1	0.004	0.081
60	0.083	0.004	0.071
70	0.071	0.004	0.064
80	0.062	0.004	0.058
90	0.056	0.004	0.054
100	0.05	0.004	0.05
200	0.055	0.005	0.073
300	0.07	0.005	0.122
500	0.068	0.005	0.18
1000	0.062	0.005	0.296
ClaimBuster
10	0.1	0.001	0.078
20	0.15	0.004	0.12
30	0.133	0.005	0.115
40	0.125	0.006	0.112
50	0.18	0.011	0.152
60	0.183	0.013	0.158
70	0.2	0.018	0.172
80	0.188	0.019	0.166
90	0.2	0.024	0.177
100	0.18	0.024	0.164
200	0.15	0.031	0.2
300	0.163	0.031	0.293
500	0.138	0.031	0.385
1000	0.091	0.031	0.476
rbf_5_1e-05sampledtest
             precision    recall  f1-score   support

        0.0       0.57      0.83      0.68       132
        1.0       0.69      0.39      0.50       132

avg / total       0.63      0.61      0.59       264
10	0.6	0.038	0.681
20	0.6	0.067	0.655
30	0.7	0.111	0.711
40	0.675	0.141	0.69
50	0.72	0.189	0.719
60	0.667	0.21	0.682
70	0.686	0.251	0.694
80	0.675	0.282	0.685
90	0.678	0.318	0.687
100	0.64	0.333	0.659
200	0.545	0.393	0.783
300	0.44	0.393	0.897
500	0.264	0.393	0.897
1000	0.132	0.393	0.897
