1 5 2
1 5 3
1 5 4
1 30 1
1 30 2
1 30 3
1 30 4
1 32 0
1 80 3
1 88 4
1 116 0
1 116 1
1 116 2
1 117 0
1 124 2
1 138 3
1 138 5
1 139 0
1 139 1
1 154 2
1 305 0
1 305 1
1 330 1
1 330 3
1 331 4
1 345 0
1 387 0
1 400 0
1 400 2
1 424 0
1 456 0
1 456 1
1 462 2
1 480 0
1 480 1
1 480 2
1 550 0
1 550 3
2 64 5
2 64 9
2 69 0
2 89 0
2 100 1
2 100 2
2 100 3
2 100 4
2 100 5
2 100 10
2 126 1
2 127 1
2 127 2
2 128 0
2 128 1
2 129 0
2 137 2
2 151 1
2 151 5
2 195 0
2 195 1
2 195 2
2 195 5
2 195 6
2 213 0
2 213 1
2 213 2
2 215 3
2 215 4
2 218 0
2 252 4
2 254 0
2 260 2
2 260 3
2 342 2
2 352 0
2 366 1
2 378 5
2 397 2
2 467 0
2 562 3
2 566 1
2 566 2
2 585 0
2 597 1
2 597 2
2 597 3
2 597 4
2 768 0
3 21 3
3 22 1
3 22 2
3 31 2
3 31 3
3 50 0
3 50 1
3 50 2
3 74 1
3 74 2
3 78 1
3 79 0
3 79 1
3 110 0
3 149 1
3 152 1
3 159 3
3 217 0
3 218 1
3 220 1
3 301 0
3 302 2
3 302 3
3 305 2
3 306 0
3 314 0
3 314 1
3 392 0
3 392 1
3 392 2
3 392 3
3 393 0
3 401 2
3 401 3
3 405 5
3 411 0
4 11 5
4 11 6
4 17 1
4 17 6
4 55 0
4 67 1
4 74 2
4 74 3
4 74 4
4 74 5
4 79 3
4 97 2
4 174 3
4 188 2
4 203 2
4 203 3
4 204 0
4 204 1
4 204 2
4 205 0
4 232 1
4 243 0
4 261 0
4 339 1
4 461 2
4 491 0
4 491 1
4 526 1
4 585 0
4 586 0
4 586 3
4 621 1
4 628 0
4 628 1
4 633 2
4 709 0
4 709 1
4 712 0
4 712 1
4 712 2
4 712 3
4 796 3
4 797 0
5 23 1
5 41 1
5 42 0
5 66 0
5 86 2
5 86 3
5 87 1
5 127 0
5 127 1
5 130 0
5 132 0
5 132 1
5 139 1
5 140 2
5 163 0
5 163 2
5 163 3
5 182 2
5 182 3
5 182 4
5 182 5
5 182 6
5 182 8
5 257 2
5 262 0
5 262 3
5 272 1
5 272 2
5 274 0
5 296 2
5 350 0
5 350 1
5 358 3
5 374 0
5 374 1
5 406 0
5 444 0
5 511 2
5 512 1
5 523 0
5 523 2
5 523 3
5 565 2
6 17 1
6 83 0
6 98 5
6 98 6
6 98 7
6 98 8
6 219 0
6 220 0
6 244 1
6 244 2
6 314 3
6 314 4
6 355 1
6 363 1
6 363 2
6 386 4
6 406 0
6 406 2
6 406 3
6 506 0
6 506 1
6 539 1
7 13 1
7 34 4
7 34 5
7 34 6
7 35 0
7 35 1
7 35 2
7 36 0
7 74 0
7 89 0
7 91 1
7 94 0
7 149 2
7 151 0
7 157 1
7 158 0
7 165 4
7 183 3
7 184 0
7 246 2
7 251 0
7 336 3
7 355 0
7 386 0
7 386 1
7 399 1
7 400 0
7 400 1
7 417 1
7 436 0
7 509 0
7 509 1
7 509 2
7 518 0
7 518 1
7 540 1
7 542 0
7 542 1
7 561 1
7 561 2
8 84 1
8 96 0
8 100 2
8 139 1
8 139 2
8 139 3
8 139 4
8 145 0
8 177 0
8 177 1
8 177 2
8 201 0
8 201 1
8 207 1
8 220 0
8 220 1
8 220 2
8 220 4
8 220 5
8 225 5
8 225 6
8 243 0
8 243 1
8 248 0
8 256 1
8 256 2
8 446 1
8 454 0
8 501 0
8 501 1
8 501 2
8 501 3
8 517 2
8 525 1
8 525 2
8 545 2
8 578 0
8 619 0
8 619 1
8 678 1
8 678 2
8 679 1
8 679 2
9 48 1
9 48 2
9 49 0
9 49 1
9 56 0
9 56 1
9 56 2
9 56 3
9 57 0
9 57 1
9 57 2
9 57 3
9 58 2
9 72 0
9 118 1
9 118 2
9 168 0
9 168 1
9 168 2
9 168 3
9 185 0
9 185 1
9 186 0
9 186 2
9 223 1
9 290 0
9 290 1
9 308 0
9 326 0
9 326 1
9 326 2
9 339 0
9 345 0
9 389 1
9 412 0
9 420 0
9 566 2
9 566 3
10 40 0
10 40 1
10 71 0
10 71 1
10 71 3
10 106 2
10 106 3
10 107 0
10 107 1
10 124 1
10 143 0
10 168 0
10 180 4
10 198 0
10 198 1
10 237 0
10 237 1
10 237 3
10 237 4
10 278 1
10 278 2
10 288 1
10 288 3
10 288 4
10 288 5
10 290 0
10 303 0
10 303 1
10 334 0
10 334 1
10 336 1
10 336 2
10 336 3
10 345 1
10 345 2
10 347 0
10 406 0
10 409 2
10 411 0
10 411 1
10 459 2
10 522 0
10 531 0
10 532 0
10 541 0
10 542 0
10 542 1
10 561 0
10 561 1
10 632 0
10 640 0
10 705 0
10 711 2
10 711 3
10 712 0
10 801 2
10 821 1
10 824 0
10 824 1
10 834 2
10 859 1
11 4 2
11 24 0
11 24 1
11 33 1
11 79 1
11 99 0
11 99 1
11 107 0
11 129 2
11 136 0
11 136 1
11 153 0
11 154 0
11 158 1
11 185 0
11 206 0
11 206 1
11 211 1
11 211 2
11 211 3
11 217 0
11 218 0
11 231 0
11 242 1
11 244 2
11 244 3
11 279 0
11 279 1
11 279 2
11 289 1
11 290 0
11 408 1
11 437 4
11 453 0
11 496 0
11 496 2
11 496 3
12 11 1
12 32 1
12 41 0
12 41 1
12 41 2
12 63 1
12 82 0
12 82 1
12 83 0
12 125 1
12 142 0
12 142 1
12 142 2
12 300 1
12 328 2
12 351 4
12 420 4
12 484 1
12 548 1
12 548 2
12 612 0
12 621 1
12 621 2
12 748 1
12 814 1
13 43 0
13 46 0
13 46 1
13 46 2
13 46 3
13 118 3
13 138 0
13 138 1
13 167 1
13 167 5
13 177 0
13 177 1
13 177 2
13 210 2
13 210 3
13 211 0
13 286 4
13 287 0
13 287 1
13 287 2
13 288 1
13 288 3
13 314 0
13 314 1
13 314 2
13 314 3
13 314 4
13 344 1
13 345 1
13 345 5
13 353 0
13 433 0
13 435 0
13 449 1
13 474 0
13 512 0
13 512 2
13 612 1
13 721 3
13 721 4
13 731 2
13 732 0
13 732 2
13 752 0
13 755 0
14 51 3
14 63 2
14 144 2
14 187 1
14 189 1
14 196 2
14 200 1
14 341 0
15 6 2
15 6 2
15 6 3
15 9 5
15 9 6
15 9 7
15 9 8
15 13 0
15 13 2
15 15 0
15 17 0
15 17 3
15 19 2
15 19 4
15 21 0
15 21 1
15 22 1
15 22 2
15 24 1
15 25 0
15 27 0
15 28 1
15 28 2
15 58 0
15 58 1
15 63 2
15 95 3
15 131 2
15 131 3
15 146 0
15 147 0
15 147 1
16 18 1
16 34 2
16 91 2
16 105 0
16 115 0
16 120 0
16 120 1
16 125 0
16 297 2
16 348 0
16 348 1
16 348 2
16 372 0
16 401 1
16 401 2
16 401 3
16 438 1
16 504 1
16 507 2
16 508 2
16 562 0
16 585 0
16 585 1
16 598 0
16 599 1
16 602 2
16 622 0
16 622 3
16 632 0
16 632 1
16 656 0
16 657 0
16 657 1
16 657 2
16 867 0
16 1004 1
16 1004 2
16 1004 3
16 1129 2
16 1129 3
16 1129 4
16 1206 1
16 1250 0
16 1261 0
16 1261 1
16 1269 1
16 1386 0
16 1386 2
