pos+sub+len+ada
             precision    recall  f1-score   support

        0.0       0.98      0.64      0.77      3642
        1.0       0.06      0.61      0.11       132

avg / total       0.95      0.64      0.75      3774
10	0.0	0.0	0.0
20	0.0	0.0	0.0
30	0.033	0.0	0.023
40	0.025	0.0	0.019
50	0.04	0.001	0.03
60	0.033	0.001	0.027
70	0.029	0.001	0.024
80	0.05	0.001	0.04
90	0.056	0.002	0.045
100	0.06	0.002	0.049
200	0.055	0.002	0.067
300	0.06	0.002	0.101
500	0.05	0.002	0.132
1000	0.06	0.002	0.275
ClaimBuster
10	0.1	0.001	0.078
20	0.15	0.004	0.12
30	0.133	0.005	0.116
40	0.15	0.007	0.13
50	0.16	0.01	0.14
60	0.167	0.012	0.147
70	0.186	0.016	0.163
80	0.225	0.025	0.193
90	0.2	0.025	0.177
100	0.18	0.025	0.165
200	0.15	0.031	0.2
300	0.163	0.031	0.294
500	0.136	0.031	0.381
1000	0.092	0.031	0.48
pos+sub+len+adasampledtest
             precision    recall  f1-score   support

        0.0       0.66      0.73      0.69       132
        1.0       0.70      0.61      0.65       132

avg / total       0.68      0.67      0.67       264
10	0.6	0.034	0.656
20	0.8	0.09	0.778
30	0.733	0.126	0.738
40	0.75	0.171	0.749
50	0.7	0.199	0.714
60	0.717	0.242	0.724
70	0.714	0.28	0.722
80	0.738	0.33	0.738
90	0.711	0.358	0.719
100	0.71	0.396	0.718
200	0.565	0.482	0.817
300	0.44	0.482	0.911
500	0.264	0.482	0.911
1000	0.132	0.482	0.911
pos+sub+len+lsvm
             precision    recall  f1-score   support

        0.0       0.98      0.56      0.71      3642
        1.0       0.05      0.71      0.10       132

avg / total       0.95      0.56      0.69      3774
10	0.0	0.0	0.0
20	0.05	0.001	0.037
30	0.133	0.003	0.098
40	0.125	0.004	0.098
50	0.14	0.006	0.112
60	0.133	0.007	0.111
70	0.114	0.007	0.099
80	0.125	0.009	0.108
90	0.122	0.01	0.108
100	0.11	0.01	0.1
200	0.115	0.016	0.148
300	0.093	0.016	0.172
500	0.074	0.016	0.212
1000	0.06	0.016	0.308
ClaimBuster
10	0.1	0.001	0.078
20	0.15	0.004	0.12
30	0.133	0.005	0.116
40	0.15	0.007	0.13
50	0.16	0.01	0.14
60	0.167	0.012	0.147
70	0.186	0.016	0.163
80	0.225	0.025	0.193
90	0.2	0.025	0.177
100	0.18	0.025	0.165
200	0.15	0.031	0.2
300	0.163	0.031	0.294
500	0.136	0.031	0.381
1000	0.092	0.031	0.48
pos+sub+len+lsvmsampledtest
             precision    recall  f1-score   support

        0.0       0.68      0.62      0.65       132
        1.0       0.65      0.71      0.68       132

avg / total       0.67      0.67      0.67       264
10	0.9	0.063	0.915
20	0.9	0.126	0.912
30	0.8	0.167	0.842
40	0.75	0.202	0.8
50	0.72	0.235	0.771
60	0.717	0.273	0.763
70	0.729	0.317	0.767
80	0.725	0.356	0.761
90	0.722	0.394	0.756
100	0.73	0.437	0.759
200	0.565	0.53	0.84
300	0.44	0.53	0.935
500	0.264	0.53	0.935
1000	0.132	0.53	0.935
pos+sub+len+rfc
             precision    recall  f1-score   support

        0.0       0.98      0.69      0.81      3642
        1.0       0.07      0.64      0.13       132

avg / total       0.95      0.69      0.79      3774
10	0.1	0.004	0.139
20	0.1	0.005	0.125
30	0.133	0.007	0.141
40	0.125	0.008	0.133
50	0.1	0.008	0.115
60	0.117	0.009	0.125
70	0.114	0.01	0.122
80	0.125	0.012	0.129
90	0.122	0.013	0.127
100	0.14	0.016	0.139
200	0.15	0.023	0.201
300	0.127	0.023	0.241
500	0.094	0.023	0.281
1000	0.078	0.023	0.41
ClaimBuster
10	0.1	0.001	0.078
20	0.15	0.004	0.12
30	0.133	0.005	0.116
40	0.15	0.007	0.13
50	0.16	0.01	0.14
60	0.167	0.012	0.147
70	0.186	0.016	0.163
80	0.225	0.025	0.193
90	0.2	0.025	0.177
100	0.18	0.025	0.165
200	0.15	0.031	0.2
300	0.163	0.031	0.294
500	0.136	0.031	0.381
1000	0.092	0.031	0.48
pos+sub+len+rfcsampledtest
             precision    recall  f1-score   support

        0.0       0.68      0.76      0.72       132
        1.0       0.73      0.64      0.68       132

avg / total       0.70      0.70      0.70       264
10	1.0	0.076	1.0
20	1.0	0.152	1.0
30	0.967	0.22	0.978
40	0.925	0.277	0.947
50	0.86	0.318	0.899
60	0.817	0.356	0.863
70	0.8	0.398	0.847
80	0.8	0.447	0.843
90	0.767	0.477	0.815
100	0.74	0.505	0.792
200	0.605	0.605	0.905
300	0.44	0.605	0.96
500	0.264	0.605	0.96
1000	0.132	0.605	0.96
pos+sub+len+rsvm
             precision    recall  f1-score   support

        0.0       0.98      0.73      0.84      3642
        1.0       0.08      0.67      0.15       132

avg / total       0.95      0.73      0.82      3774
10	0.1	0.002	0.085
20	0.1	0.003	0.092
30	0.1	0.003	0.093
40	0.125	0.005	0.111
50	0.12	0.006	0.11
60	0.167	0.011	0.144
70	0.186	0.015	0.16
80	0.163	0.015	0.146
90	0.167	0.018	0.15
100	0.17	0.021	0.154
200	0.15	0.023	0.196
300	0.12	0.023	0.226
500	0.118	0.023	0.33
1000	0.087	0.023	0.447
ClaimBuster
10	0.1	0.001	0.078
20	0.15	0.004	0.12
30	0.133	0.005	0.116
40	0.15	0.007	0.13
50	0.16	0.01	0.14
60	0.167	0.012	0.147
70	0.186	0.016	0.163
80	0.225	0.025	0.193
90	0.2	0.025	0.177
100	0.18	0.025	0.165
200	0.15	0.031	0.2
300	0.163	0.031	0.294
500	0.136	0.031	0.381
1000	0.092	0.031	0.48
pos+sub+len+rsvmsampledtest
             precision    recall  f1-score   support

        0.0       0.71      0.82      0.76       132
        1.0       0.79      0.67      0.72       132

avg / total       0.75      0.74      0.74       264
10	0.8	0.049	0.805
20	0.85	0.108	0.842
30	0.867	0.168	0.856
40	0.85	0.22	0.847
50	0.86	0.278	0.854
60	0.85	0.33	0.847
70	0.857	0.388	0.853
80	0.838	0.433	0.839
90	0.811	0.471	0.82
100	0.8	0.514	0.811
200	0.595	0.633	0.879
300	0.44	0.633	0.944
500	0.264	0.633	0.944
1000	0.132	0.633	0.944
